0,273
0,270
3,2
3,1
3,3
10,64
10,226
10,148
10,26
10,138
10,236
10,2
10,3
11,11
11,25
11,18
11,16
11,21
11,4
11,2
11,3
9,7
9,4
9,1
9,6
9,2
9,3
8,4
8,11
8,6
8,12
8,2
8,3
12,2
12,1
12,3
20,2
20,1
20,3
19,2
19,1
19,3
32,4
32,3
32,2
32,1
32,0
30,3
30,2
30,1
30,0
29,3
29,2
29,1
29,0
11,28
11,1
11,27
10,303
10,302
10,301
10,300
10,299
10,298
10,297
10,296
10,295
10,294
10,293
18,1
10,292
18,3
10,291
10,290
10,289
10,288
10,287
10,286
10,285
10,284
10,283
10,282
14,1
10,281
14,3
10,280
10,279
13,1
10,278
13,3
10,277
10,276
10,275
10,1
10,274
8,1
8,17
0,540
